1000 8693 67300 8725 62900 8704 58800 8717 53400 8718 53400 8686 54400 8694 58100 8723 60000 8701 60500 8734 57600 8698 52400 8708 53200 8731 65000 8686 53200 8696 55200 8687 52900 8738 53500 8715 58200 8698 52500 8676 52800 8690 51000 8710 53400 8708 56400 8693 49800 8706 54500 8689 55000 8682 57400 8713 52100 8721 50100 8734 50100 8718 61600 8699 62600 8682 80100 8657 57400 8708 59800 8676 61200 8705 51000 8709 50600 8733 50000 8747 50200
2000 19394 129600 19336 129900 19399 123200 19493 113200 19381 134300 19432 109600 19450 119800 19391 122300 19403 107100 19418 107000 19405 131100 19395 119600 19452 124600 19432 137700 19411 121500 19402 117300 19393 118900 19377 124300 19438 117500 19426 127100 19409 118800 19384 113700 19397 120900 19449 111400 19408 123900 19438 118100 19387 118600 19449 115700 19394 118100 19432 126000 19401 121000 19418 130400 19432 120300 19416 125200 19405 126000 19437 119900 19419 129100 19426 121400 19416 128800 19424 120000
3000 30936 205200 30938 187600 30937 205800 30897 207100 30913 179600 30862 180600 30876 176500 30895 187900 30925 179800 30917 189800 30904 169500 31019 175000 30904 165700 30909 168300 30886 173200 30945 171700 30918 169000 30969 176900 30893 190000 30921 169500 30913 169300 30889 167200 30940 175500 30943 174300 30889 168700 30959 167700 30914 180300 30864 168600 30935 167000 30895 168900 30916 167800 30946 167500 30931 248600 30907 1298100 30995 163300 30932 156700 30925 154900 30985 154500 30912 155500 30916 211500
4000 42784 215100 42772 207900 42839 207900 42831 208500 42853 217400 42818 209000 42830 215600 42779 230700 42749 218700 42820 225900 42899 207100 42782 208200 42842 219100 42860 208000 42800 222800 42871 208100 42779 209100 42795 207700 42822 216500 42749 207100 42848 209300 42798 207000 42889 217000 42809 209400 42805 210700 42828 246000 42849 235900 42864 236300 42819 230800 42818 226600 42853 224200 42857 244500 42853 224700 42825 241800 42822 227700 42824 226500 42867 224300 42815 223800 42824 229000 42806 207900
5000 55208 297500 55273 277500 55225 272300 55280 274800 55203 267300 55228 264500 55293 271100 55205 265400 55209 263900 55180 261700 55222 318900 55265 276900 55248 266900 55307 278100 55272 382700 55307 293400 55198 297400 55249 468200 55279 360300 55232 324300 55280 330900 55240 334900 55243 305900 55273 297400 55184 297600 55196 283200 55314 270200 55264 278600 55224 274500 55177 265200 55210 264700 55257 263100 55233 264400 55250 263400 55206 277200 55233 263000 55075 262100 55205 262300 55174 266900 55226 277800
6000 67850 394900 67841 352000 67849 393100 67866 357600 67769 373900 67829 381200 67842 381000 67849 566400 67838 364800 67842 375500 67855 365000 67898 326100 67912 325700 67823 327100 67756 324300 67869 322200 67821 331500 67890 327100 67834 328300 67804 340400 67832 391800 67749 386700 67897 366900 67859 377700 67835 363200 67732 420200 67847 383900 67825 351600 67926 338800 67972 335500 67868 326900 67916 337300 67866 324300 67808 333900 67839 338600 67850 340400 67790 335700 67811 358700 67782 331800 67720 349500
7000 80711 387300 80637 424900 80707 454300 80698 457700 80654 436500 80644 404600 80716 411400 80787 383600 80689 380600 80645 382300 80707 390600 80704 386700 80668 381400 80591 380800 80656 381700 80733 378000 80672 386200 80684 387700 80589 384800 80684 452500 80751 440500 80677 389700 80652 406600 80679 420500 80685 437700 80836 521100 80587 463600 80631 445200 80610 446900 80633 441900 80773 427000 80607 437200 80624 443200 80669 432900 80630 432400 80656 440700 80658 478100 80742 506800 80671 459200 80699 537400
8000 93643 546300 93675 546500 93641 538300 93701 541700 93593 633000 93633 525800 93641 531700 93564 548700 93581 560300 93522 544300 93658 627000 93576 527600 93669 627700 93672 592400 93674 582500 93714 556100 93697 508600 93695 504300 93615 531500 93675 517900 93705 556500 93730 584500 93567 549700 93708 544900 93669 522900 93625 548500 93611 598900 93630 505900 93745 505100 93575 514700 93623 561000 93623 591900 93656 619900 93666 595100 93691 574900 93659 532400 93615 516500 93735 517500 93748 495900 93718 557700
9000 106930 616400 106956 567400 106950 573600 107025 558700 107036 573500 106970 567400 107012 569800 106908 571800 107016 574200 107029 617800 107012 566600 107029 585600 106930 672300 106949 595400 106885 609800 106994 589600 107017 579600 106954 564800 106938 582800 106942 566400 106957 559300 106990 574800 106919 562200 107020 585100 106982 569700 107091 672500 106948 638900 107010 630100 107116 608200 106947 609000 107030 590900 106992 572200 107027 561900 106994 568700 107006 580800 106940 572900 106946 563500 106996 568400 106938 666300 106990 625800
10000 120441 686800 120482 733600 120425 751600 120411 640000 120452 653100 120496 645800 120455 659100 120480 645200 120403 647000 120496 631800 120341 752700 120420 727600 120509 643800 120433 640900 120522 641100 120414 641700 120480 732900 120373 663000 120383 632200 120374 661600 120519 640900 120419 718900 120488 643800 120442 747300 120476 685300 120531 669800 120372 634200 120370 641400 120377 637200 120390 645800 120462 713100 120494 645600 120528 650400 120388 835200 120474 773700 120472 712800 120528 660600 120603 652500 120546 657300 120388 648000
11000 134011 768100 134073 731900 134077 725500 134069 774200 134106 751100 134024 723300 134022 705100 134080 723100 134022 726400 134077 744200 134147 724600 134028 729300 134031 770000 133918 868600 134101 929300 133965 945400 134026 860000 134016 851300 134109 750600 134020 732000 133943 714900 134022 715800 133996 705900 134067 741000 134038 820600 133983 764100 134017 799400 134092 760900 133934 780000 134047 777800 134047 832000 133992 862100 134155 957700 134039 1080600 134073 983900 133918 983500 134056 997600 134085 876800 134049 841800 134038 770600
12000 147642 890000 147636 872300 147756 934200 147664 843000 147699 930400 147645 1048100 147711 1161500 147705 1350300 147667 1187000 147798 1116500 147690 1002000 147671 923200 147741 878000 147760 827400 147605 892700 147598 836300 147749 829500 147567 856100 147682 1032000 147752 966500 147604 896000 147710 831700 147730 858100 147732 823600 147613 842000 147799 934400 147524 939400 147687 1027400 147686 928500 147616 883000 147705 939700 147700 833900 147657 841400 147760 856700 147769 831400 147651 851700 147564 977900 147758 849400 147686 872600 147620 1151500
