1000 11097 50900 12389 33300 11581 32500 10634 31000 9802 31600 11300 32100 11420 34100 10487 33100 11460 33000 10500 30900 10848 34200 11473 30800 10797 31400 10813 31400 10438 32300 11240 31000 10528 30600 10447 34300 11348 31700 11296 32200 10480 30000 10636 30400 11099 29000 10637 29900 10927 30400 10305 35800 11069 32900 10362 30900 10932 31200 10552 29300 10950 29800 11210 33400 10917 30600 10913 35000 9823 30800 10263 29400 11189 29600 12127 29400 10373 29400 12195 29500
2000 24177 77600 24613 71300 23450 73700 24343 65900 26738 70100 23950 67000 25783 68500 23989 71100 26038 63600 25440 63600 25161 67700 24409 71600 24521 73900 24327 68600 23160 72000 22852 71900 23757 74800 24211 72100 26407 68900 23909 72600 23980 73500 23922 70000 24134 70600 26907 69600 24534 70600 23222 72700 26017 69200 23652 68500 24845 67600 26970 72100 24477 70700 24351 76800 27576 71900 24919 71700 24464 71700 23570 71800 26741 71100 24546 72400 25358 71800 23160 71200
3000 40174 114200 39589 111700 38542 118900 37932 116200 38223 112000 37967 107300 41073 104600 37336 169800 40978 101800 39425 107500 39042 102500 36127 101600 37896 102300 38945 102100 40854 153100 38867 106400 42972 101300 44523 97700 40054 101800 39597 97900 39830 101000 37503 99800 37178 104500 38139 107800 42060 104200 37011 100500 37667 101200 36995 101400 38033 99300 39313 98600 37041 100100 39469 101800 37664 99800 42995 114400 40052 116100 43439 107000 41012 102100 39260 102600 40855 102700 38379 100700
4000 52488 148500 55343 142500 51942 143800 55194 146500 54447 141800 55890 142300 53272 145100 53604 141900 52084 147900 52904 145300 58927 140100 53708 136400 52500 137400 58932 137400 58595 142100 54400 140100 54730 138300 54322 137900 52875 137300 57223 137300 53152 136600 52601 142300 52656 142600 57512 141700 53886 136700 55392 141200 55276 154100 53088 145700 51863 149900 52837 143600 52785 147700 55075 156200 54138 157300 54918 148300 52653 150800 54507 146600 60146 144500 53082 143700 54498 148800 64200 144200
5000 69274 214700 74745 189900 69040 186100 71895 247900 69007 179900 68006 177200 65259 182300 69036 179600 76511 179400 72870 180400 74231 175800 72623 187500 66604 177900 66796 175900 78598 178900 68259 196800 66841 194700 71429 188600 76375 207500 68944 193900 66526 193100 66639 209100 72922 191200 67602 173300 75297 176900 68911 177100 72251 174500 72842 175100 67756 178700 71392 174100 71950 175400 67227 182700 68672 177000 70941 177500 69649 185300 70396 178900 67122 181400 66311 180200 70758 179300 73227 176100
6000 83651 231200 85741 234700 94824 228900 86868 237600 86273 232900 86354 224500 89941 230000 82632 240500 86841 237500 84729 233600 84057 227100 88405 232100 93144 226700 90447 215100 82990 216200 94673 213000 88245 222400 89930 214700 83806 213300 83477 216500 81295 228100 86701 230900 87768 236400 82248 245500 97381 239500 84812 232500 84692 245700 98046 235300 85518 226100 84252 223500 90719 213700 87969 230000 87860 219200 89219 214000 83938 218200 84216 217300 83499 212800 86252 220400 91432 216000 90750 219800
7000 106849 251000 105907 378900 99219 312100 115535 266200 97814 302300 104326 282900 99213 272800 103468 261800 106507 257500 99258 255600 96627 255600 104131 252400 108789 265500 111116 260800 112825 263100 106051 258100 103054 262000 99458 260800 104547 253200 109757 250500 104025 264100 109754 265400 103173 258900 108565 257200 104075 259700 104116 256500 100327 274000 107120 272600 104675 296500 100751 276600 107498 267300 98176 259500 102564 251300 104370 261000 102195 253100 103988 257100 102551 254000 99425 259600 107292 257600 105711 275700
8000 114578 328300 123453 308900 116835 320000 128127 301500 122104 308500 116899 332400 120727 315600 118731 309000 119343 331500 109943 335500 128171 319600 116201 311500 122956 306500 123371 329000 122249 339500 116034 311700 116520 316100 115404 312900 116142 293300 127161 303100 114014 319200 123854 338900 115347 340000 116844 321400 114092 313700 117090 333300 120193 318900 125867 312200 116647 295200 125947 301700 118731 305400 119430 353200 118324 380500 114024 374000 123752 347600 117123 322900 115824 312900 120021 297400 116230 297600 115288 326600
9000 141127 369100 146517 341500 141077 349600 131967 347900 134993 339900 131600 341300 135915 349300 149299 331600 139331 330800 133787 337100 140434 334700 139811 333800 135757 359700 134348 345100 143326 331300 131050 341500 136208 349100 141916 334200 135207 345000 142824 341800 133406 339300 143718 342700 135277 345700 138138 339200 144335 326400 135632 336200 135527 358700 144037 497300 131800 362200 136033 386100 139849 362000 135857 337700 132835 349500 132709 340400 144690 343100 132291 340400 130197 338900 137355 347000 134930 332600 137136 359900
10000 158154 395900 152636 395200 162906 408400 167873 386900 150398 382400 161827 386500 156138 378900 153791 372700 153634 380200 167001 385600 160015 419300 156291 401000 154756 385400 149039 381900 151103 375200 144713 389300 159607 379800 151578 400900 153357 386800 155024 385500 152290 375100 149156 383200 150485 389100 166170 379400 161907 400000 150557 416800 162306 394500 159432 380400 156591 390400 149027 377200 153273 374100 152081 385100 165641 385600 158351 403400 151520 415100 149739 394400 149732 409500 151881 391400 156968 385900 159326 378800
11000 178781 451300 171875 508600 164557 421900 171940 424700 166076 458900 183363 427000 171046 422300 170527 418000 176645 417400 174893 423100 175104 425400 179076 415300 171204 436100 191315 479300 173575 532100 167901 571700 176678 525900 173533 493600 182345 476900 171316 427500 176120 435700 171460 436300 172367 437800 177585 426200 186087 426900 174099 421500 177189 454600 166137 428800 165819 430200 173073 434300 175910 419500 171622 451200 169273 505300 180386 557700 173758 548300 172894 583000 188322 552000 171365 516900 169734 472900 168173 421900
12000 184323 489600 203669 586900 199141 571700 190845 487900 185163 471800 183800 545800 194956 621600 189104 717200 180123 690500 195679 636800 193676 584500 178359 514700 199432 489600 181516 493400 184051 492200 179174 478300 196827 460700 201355 472900 191470 523400 181473 573000 198824 484200 194417 478400 186254 474600 191366 462700 198067 459100 192346 483800 195314 535900 185772 513300 181081 493100 192217 489200 198349 635200 191363 464300 198813 455600 207181 469000 188907 471400 191594 470800 185470 490700 180219 480500 186782 479200 187878 585500
