1000 8723 81600 8694 65900 8690 61500 8729 57500 8715 54800 8720 59200 8723 56500 8683 58100 8696 54200 8734 54800 8739 52200 8710 50200 8687 63600 8698 60500 8722 59600 8702 58500 8718 65700 8714 57200 8704 53500 8714 50900 8709 49600 8713 51500 8728 56400 8694 48200 8684 50000 8700 54300 8708 48100 8654 48200 8671 48600 8708 47400 8706 55400 8690 66500 8686 54100 8687 54600 8706 65700 8696 55600 8714 49400 8706 51800 8723 49300 8690 51300
2000 19393 147700 19432 117700 19439 120200 19409 117700 19440 103700 19425 118200 19398 128600 19406 118800 19450 117800 19389 105200 19433 116300 19371 116500 19402 114100 19448 106600 19422 143000 19440 114300 19406 114200 19426 103600 19453 120800 19457 114200 19445 104200 19445 110300 19411 105000 19418 107500 19447 123500 19389 123500 19386 107800 19441 104100 19419 103900 19397 106400 19400 117000 19438 125400 19396 120000 19385 110200 19463 113000 19420 110800 19386 121000 19451 181700 19401 118900 19416 133100
3000 30906 269400 30915 199800 30911 198000 30944 185300 30946 177200 30920 207100 30914 204000 30905 196300 30899 190600 30936 196400 30952 192000 30851 194400 30907 197300 30896 184900 30965 181900 30958 182700 30989 196100 30900 184100 30878 182800 30936 184100 30856 183400 30857 189600 30885 185800 30942 187400 30916 187400 30908 173000 30822 168200 30871 184700 30924 202200 30926 186400 30927 183400 30890 1330600 30918 179700 30921 169600 30947 155600 30901 160400 30908 161500 30886 149400 30879 155500 30866 153100
4000 42790 232400 42827 223800 42839 232300 42851 257600 42838 237100 42833 226900 42800 225300 42809 226300 42812 228700 42789 226800 42806 226600 42807 211900 42835 203200 42806 225400 42786 209700 42828 204700 42857 205200 42858 211800 42748 202900 42760 201300 42785 200800 42796 200800 42846 198900 42747 203900 42810 224400 42783 214900 42824 198200 42871 238300 42844 229200 42748 230000 42801 237900 42767 226200 42813 227800 42790 229600 42784 226100 42778 227400 42807 203200 42790 213800 42836 229600 42808 226200
5000 55314 314200 55211 271300 55194 297200 55284 267100 55256 266000 55166 284600 55211 263700 55168 257200 55263 261600 55203 268300 55274 293400 55262 292900 55188 280600 55203 269700 55213 278700 55175 268800 55353 298600 55223 335300 55221 414500 55274 385400 55217 336900 55161 330500 55227 320500 55120 340700 55122 308000 55203 281500 55200 271600 55180 282500 55228 260100 55217 277300 55169 256000 55253 263800 55222 307400 55214 260000 55200 272500 55226 273500 55258 270900 55184 286500 55290 274300 55250 343800
6000 67771 381200 67833 364400 67752 338800 67872 371300 67828 344800 67858 487900 67866 478600 67806 501700 67835 414300 67848 357200 67784 332600 67824 436600 67855 326600 67822 328300 67842 324900 67771 339400 67871 335200 67861 347400 67765 332000 67832 342000 67915 319500 67862 352300 67897 356400 67838 352600 67825 349900 67851 345200 67848 347400 67764 330700 67809 328000 67829 360500 67780 411400 67812 505500 67858 328200 67836 313300 67892 310300 67821 337200 67780 377200 67828 364700 67850 386700 67799 326300
7000 80545 398400 80648 392400 80681 412400 80801 388700 80587 461400 80800 380700 80620 408000 80694 487200 80660 398200 80661 387300 80648 389300 80735 367900 80572 370000 80641 437800 80537 390900 80679 381400 80628 386200 80662 396600 80686 422000 80712 392200 80593 392000 80701 369000 80568 424900 80685 425900 80699 473900 80688 458000 80701 463800 80720 423300 80698 433400 80684 452100 80603 417700 80666 438000 80640 427800 80800 439100 80683 487800 80624 458500 80691 474600 80787 436200 80569 428800 80632 446000
8000 93649 539800 93570 503000 93584 496700 93643 522700 93703 497200 93638 479300 93616 492500 93573 504200 93595 515400 93615 487800 93621 490100 93695 622000 93645 566200 93676 503700 93665 560600 93644 537800 93636 609700 93582 584500 93743 525900 93607 497600 93675 503400 93556 477100 93750 505000 93715 485900 93629 542300 93620 491900 93799 553000 93619 563900 93653 565300 93707 552900 93659 538000 93623 549800 93602 497100 93683 651800 93670 491500 93647 495700 93626 491600 93641 484600 93568 486200 93651 491400
9000 106962 618200 106946 613600 107012 583200 107024 628000 106955 626500 106881 558800 107038 641200 106937 594200 106872 575200 106937 562600 107022 566700 107007 561700 106946 561300 106915 584600 107086 631300 106922 667100 106935 565700 107011 567500 107024 565100 107053 828100 106973 593500 106896 623600 106934 607900 106973 577300 107053 580300 106980 584100 107000 627000 106975 638000 106953 647500 107059 603500 107076 667500 106888 699300 106924 720500 106922 720100 107018 785700 106961 595200 107024 650300 107013 707100 106890 670800 107019 626900
10000 120453 721200 120423 700500 120445 707200 120526 710700 120463 673300 120386 704600 120544 672900 120485 783700 120486 671500 120438 711100 120413 715400 120382 705800 120404 726900 120425 706100 120462 690600 120430 675200 120575 725900 120583 763400 120449 827300 120540 789400 120394 795200 120456 740900 120430 821000 120416 740600 120441 731300 120480 742300 120446 838400 120573 764900 120464 816500 120315 820400 120341 853400 120445 872500 120448 761900 120359 796300 120441 791800 120401 738000 120396 754600 120488 694900 120343 716600 120363 736000
11000 134167 865700 134076 896500 133955 1079600 134025 1035800 133875 910800 134003 842300 133994 868400 134127 855500 134033 843400 134075 885600 134055 851000 134190 880600 133967 927000 134031 1378400 134103 898100 133957 962800 133944 854500 134008 903000 134103 898800 133989 915200 134036 876000 134084 850000 134041 797100 133986 887500 134102 750600 134103 741500 134028 796300 134049 894900 134010 899100 133990 719400 134086 788600 134050 764900 134133 738500 134139 734600 134025 787900 134084 825300 133922 730100 133944 756500 134057 760300 133968 789700
12000 147655 877700 147668 849200 147676 846400 147686 841600 147622 844400 147774 814700 147541 1093400 147657 860800 147851 954500 147764 940900 147736 884200 147710 927100 147544 817700 147739 810800 147665 804800 147637 854300 147775 1014700 147666 968300 147796 892300 147573 842100 147701 852500 147660 848200 147537 821300 147746 809300 147607 913700 147606 1037800 147638 889000 147739 899300 147773 871700 147657 836400 147616 819700 147685 839700 147670 839600 147659 829800 147662 925800 147645 855900 147784 886000 147673 907900 147748 867200 147703 868800
