1000 10128 53400 11724 35700 11035 36200 10575 34900 10418 33400 10649 32700 11444 33600 11375 32500 10771 32500 10183 33200 10284 32000 10952 30100 11881 92500 11580 34300 10522 41600 10422 33000 11831 32900 10279 34300 11362 32300 10710 31300 10459 29300 10491 28800 10632 29500 11014 28400 10182 29100 10795 28700 10818 28200 10322 29200 11895 29100 10345 28800 10509 29200 10393 33600 10013 33100 10358 32500 11350 32200 10306 29500 10331 29100 10968 29500 11232 29900 11058 29000
2000 25473 74600 24542 71500 25009 73100 23717 71600 23981 66800 22022 64300 22854 71600 24433 69500 22944 73200 26618 66300 26174 64400 24964 69700 27091 69100 23254 64500 25229 77700 23128 76400 25899 66300 26132 64900 26871 62000 23444 67900 24799 64200 25154 63100 24924 60300 24257 62400 24238 67500 23544 71600 27791 67900 26333 62100 24845 61200 25086 62100 25962 60400 24750 67000 22698 72500 25262 63900 23599 63600 23523 63000 23880 64300 22399 74200 23496 77100 23732 80800
3000 39304 116000 39729 115100 45836 112800 39730 111900 37549 110800 40293 125900 37368 127600 40655 113600 38977 113900 46202 107000 38022 115200 38330 107100 41000 120100 43485 115100 41229 110300 38210 111700 38340 111600 39310 111500 37501 109100 37122 110700 38565 105300 39712 110500 40211 112500 38395 113800 35705 122800 39114 112800 39303 97100 36877 105000 37734 166500 36972 113000 38651 112200 36896 112800 37696 121600 42541 122500 37189 113400 37882 111500 36402 112400 42114 105600 37770 103400 39138 101200
4000 56360 164100 62378 160700 51704 151400 55427 147600 51358 152200 53340 152900 53325 151400 51490 155100 54436 168700 52741 153800 55579 146300 59807 147400 54323 137900 56138 141300 54062 152000 53261 136500 55445 133500 54726 138900 53275 148200 51804 138700 56381 139500 57536 134600 54669 133900 55544 133100 54329 151400 53934 140600 54744 140800 55080 135200 62897 156700 53782 159200 56457 148700 63423 153700 54536 152200 51885 145600 56605 149500 50553 147900 53592 137100 58808 134700 53527 146400 52377 150300
5000 68735 210900 70623 201100 68870 215300 78045 191100 70014 183300 68675 183300 73733 179700 70742 174600 71416 180100 74949 195700 65929 192600 67766 191600 75896 179600 72430 180000 67987 190100 72346 170800 71948 169500 68601 185800 73040 193900 71278 202300 74179 358700 69976 201600 75646 192600 69946 254300 66846 197000 75272 197400 70843 185600 71094 174500 72886 180500 74189 190500 73933 179900 71322 178000 68278 185400 75616 177400 68800 177800 76503 178200 73795 178600 76632 179900 72308 177500 69632 192700
6000 82433 251100 90415 247400 88527 232300 92351 228600 84285 235800 88045 218600 85287 236800 88549 255000 92996 240400 83869 243600 90617 216700 83032 220000 83495 230100 85368 220800 84681 280000 85199 223000 85694 218900 97776 225300 90147 230400 83413 245300 89678 233100 89020 221500 90002 241700 94551 246400 93911 280500 94333 240100 86559 240700 84506 227000 87850 259400 88551 276100 92756 241600 86013 211100 86104 239800 89283 234000 87757 225300 83046 210200 88520 208300 92306 237400 85036 231400 91509 221900
7000 104544 284900 100219 261200 106981 297900 103109 253900 109758 256000 98963 258200 100028 261500 101524 264400 121986 272300 97797 269700 99301 259500 98703 254700 107353 255500 102504 385900 102668 267500 107650 264700 96817 263400 100033 256300 104030 260500 102008 270800 111464 273300 104590 262500 95711 258100 102759 252200 99504 296600 100966 265400 108057 376900 103351 262100 101593 245800 96529 319600 107301 254600 103062 260000 101378 258800 97475 337400 110437 241800 102541 252600 105357 248400 105749 275900 98171 251400 110162 253200
8000 125138 314400 116066 313800 118725 298200 117415 292800 123867 293400 128600 293400 120958 288800 124505 282300 128954 289700 116807 293800 120349 284300 118464 287500 116044 322500 121379 314800 117833 306700 125848 316400 119886 315600 112907 321000 130309 360600 124484 301400 145130 303400 119167 289900 134929 294200 112163 293400 117718 289500 117578 292200 123019 300000 115670 311700 119310 303300 121528 318500 123227 326400 116540 303800 114715 310400 124186 306300 120296 304000 112762 288600 118522 292500 119748 295500 117197 296800 119169 287800
9000 137430 349000 132308 345900 137923 335800 147716 486800 135068 332400 132954 333100 136793 338100 144943 380800 137976 344100 142176 343400 144299 323800 136942 325100 131318 328700 137230 334600 145365 340600 135560 352500 136150 339600 133003 343800 139781 322000 139343 328200 137251 331600 137279 344600 140496 353400 133783 354900 133955 350600 146359 348100 135032 346800 138975 352900 141068 353100 154384 345900 137571 340500 144562 381200 134684 359400 137717 350200 134866 360900 132428 341400 148361 331400 133136 333800 131371 357700 142852 363500
10000 149868 591400 158324 401400 152006 414100 152361 422500 158502 389600 151634 369600 155557 380800 154372 409700 160103 413700 146168 449500 159217 391000 165724 377100 161871 417400 153317 401800 146120 374400 167395 379700 167702 393100 152907 404700 153678 405500 150518 413800 160335 438700 167900 438400 158654 455000 146022 427400 150735 417800 165385 404600 154065 382200 187962 391900 150903 414000 161319 392900 168760 438100 159199 419500 153685 420600 157509 453700 158237 419900 152375 403700 153803 422900 167057 398600 148264 372800 166289 384700
11000 168992 454200 169512 461200 172062 419400 176255 524100 164429 512000 176055 484500 165477 454100 171374 481600 167239 504000 173533 472200 172978 489800 185829 467000 171031 505300 168840 463900 168807 480300 163389 472500 180267 565000 170853 472600 174180 530400 176129 492400 187937 484400 167479 484800 165204 511300 171580 409800 176851 419700 189634 420200 178906 421300 165487 442100 167652 445700 167227 420100 162891 418500 173639 415900 174033 420800 176825 439200 166910 418000 172225 425500 166711 437400 180502 421700 180300 430600 175860 402000
12000 188932 469200 193829 527000 180713 477300 191307 451900 180314 457600 190662 455800 189413 476600 190334 499400 200557 467500 188710 498200 185775 555200 183175 471700 185776 474100 191472 465600 205223 445000 186905 451200 181790 469600 187310 481800 196100 488700 183116 462200 183291 448400 190316 445300 183210 465700 185408 466600 179818 451500 199925 452500 190802 451300 188097 465100 195339 473000 195925 447100 180954 455000 182618 485800 192743 451400 195900 463200 191923 451300 202549 452100 186989 456700 197439 444900 190652 460600 217936 446500
