1000 9977 57100 10189 52500 9881 55700 9859 79000 9825 49400 9954 51700 9873 100300 9867 50600 9735 48000 9990 52400 9900 50600 9938 58800 9661 49000 9773 53900 9949 78700 9993 49000 9963 47100 10353 52500 10145 67100 9866 61000 9744 49800 9899 48700 10111 77200 10126 48000 10064 49100 10096 55600 10235 49000 9828 58900 9848 48300 10030 48700 9988 74500 9734 46200 9859 52500 9809 48900 10138 51000 9861 58500 9775 48000 9723 52000 9631 80000 9753 46800
2000 26076 151700 26756 111200 26503 107100 26743 161200 26576 106500 26921 112500 26604 152100 26472 114600 26148 111400 26545 141300 27018 111400 26234 104600 26350 239800 26467 103300 27142 102900 26930 130000 27151 109200 26970 110800 26560 194300 26617 103600 26192 118900 26822 134600 26478 103100 26415 104700 26536 135100 26434 101700 25986 102800 26838 138900 26009 100900 25870 107500 26454 136600 26755 125700 25702 112000 26712 139900 26491 112800 26619 109300 26201 166900 26034 105300 26471 105300 27292 150600
3000 46948 220100 47626 200800 47181 200200 47251 188800 47470 186600 47184 199800 47797 227000 47807 205300 46712 202500 47672 205800 46501 197400 47912 207500 47359 205500 47610 187900 47127 189500 47054 186300 46851 188200 48349 196200 46604 189800 47973 194000 47448 193900 46791 197900 47318 193900 47305 199900 46720 189300 47769 212500 47371 211500 47521 195300 47946 220300 47794 199500 46720 187800 48481 220100 46630 146100 47239 136000 47632 130200 48406 178000 47029 131600 46128 129300 48038 138600 47652 131300
4000 71055 191500 71927 191800 72300 193500 70976 184700 71147 188400 72065 191300 69849 184700 71925 186700 70525 204400 70712 194500 72492 209500 70925 192000 71305 215900 72310 193400 70877 184700 71370 186900 71522 195400 70244 187000 71292 196000 71030 189500 71255 185100 71256 196700 72476 263100 70544 191800 72177 193100 70902 191300 70227 196400 71079 189300 69970 215600 70658 195000 71978 235000 70786 206800 70555 189900 72191 193900 71971 209600 70030 192600 70745 185100 70811 185700 70955 188600 71022 188100
5000 97819 288500 98604 253300 99904 275700 99158 313800 98113 259500 99068 256200 97813 295100 99078 261300 99183 261600 98201 248800 99425 246900 98699 252700 98300 251800 99074 549000 98432 255100 98461 258800 96970 235000 98987 252400 99520 245500 97725 237200 99417 243100 102352 271300 99861 240500 99116 279700 98722 257500 98129 248000 98390 251000 100154 248500 100433 259300 99197 259800 97965 254400 97587 248000 100543 254300 98647 236500 99515 236200 100685 265900 97713 247300 99574 243300 99578 277700 99654 270800
6000 128589 305500 129661 311700 127449 330900 128581 306900 127735 323600 128318 341200 129859 308400 127876 294800 130564 409000 127422 305400 128135 2260500 128015 277400 130239 279200 128878 275000 128690 288200 128538 278100 128223 289500 127451 290000 129219 279900 127967 279500 128355 277500 126163 365500 128116 286900 129498 288200 128899 278800 125978 278000 128395 273800 129704 287000 126537 279800 128778 276600 128395 339800 128505 279200 127072 294400 126264 385000 128827 304400 128843 325200 127326 293300 127602 282300 131556 284000 127996 305200
7000 159799 364500 161857 338200 160750 343500 159109 331100 160579 412900 159862 367100 161356 355300 159897 341100 159665 345000 160756 333600 161866 336800 161557 404800 160550 349400 161135 333800 163153 341800 160984 349200 160809 350300 159873 491300 162533 343500 161076 336300 162044 350900 159840 347600 161933 344400 160980 352500 160338 376200 160722 333300 160546 388400 162934 345700 161506 337100 160467 343200 162423 339300 161084 334300 162155 625900 160392 347600 161974 434500 161152 348600 160984 342600 159854 378500 162119 365100 159847 369600
8000 194617 450800 193231 430600 195946 433900 195961 682000 194266 436100 194773 420900 194885 433600 195616 458800 195040 397200 196353 399800 197656 419900 195672 444100 193680 399600 194777 442200 193731 414300 196415 564800 194604 532500 197020 491400 196010 444800 194782 414700 198087 452000 194036 397600 196468 433900 197268 404900 195855 416200 195265 398900 195110 396800 194117 409900 194805 396700 195005 417300 194866 437400 196941 417600 193885 410400 196298 402800 193842 400400 194667 452200 194891 403500 193521 402600 195158 405400 194124 408800
9000 234735 468200 231964 485600 235308 482100 233021 466500 235157 509300 233368 479900 232210 465600 234057 527000 232324 465900 234584 474100 230718 669300 232724 572000 233991 508300 232696 472200 231441 479800 233504 472400 232301 484400 234219 483100 234337 573900 231616 472400 234160 465300 233860 510900 234966 478200 233112 475900 234819 471100 228444 461700 231672 462700 233100 495000 232620 481800 233718 531200 233360 488900 232680 474800 236521 484100 233949 1648100 233664 1027700 231071 462600 231385 620200 234939 475400 230996 557500 230931 472900
10000 270467 537800 267654 559500 272227 546800 269739 545300 267861 533300 267247 596700 269832 562300 269603 527600 269719 529600 271053 584900 269582 533400 268608 546000 269586 586300 270190 614800 270687 547500 269261 528200 268964 631600 270925 541900 269866 533200 268969 557200 267868 596100 268864 676000 266796 578600 269345 567400 268210 566300 270246 583200 270958 591600 270232 578800 270465 639600 272830 579500 267582 588000 268488 571800 266610 594900 265482 681300 270131 746500 271003 646600 271226 716400 267044 659400 271413 581600 269560 602800
11000 311605 673700 312103 647400 312135 643600 311808 739900 308354 677700 312036 646600 308339 655600 311264 654500 309040 805400 316080 658300 312288 786500 311674 652400 311967 689300 309146 672500 312646 639700 307439 637900 311187 650100 311617 721000 313580 654300 311780 656900 309710 675700 314415 647600 312494 644500 310486 639000 314524 704100 311015 643000 313301 724400 312913 654700 312273 718900 315528 648800 313469 642800 310425 680000 310491 702800 310079 731400 311827 689500 309650 687600 313578 661000 309643 633700 312383 654600 311322 690100
12000 348621 718800 352170 718500 354130 1025600 352921 729400 358141 813600 354134 723800 354716 752900 355535 764900 352901 719000 353627 726700 356926 847800 355288 785200 348798 732900 355013 722900 352490 1000700 353301 723200 355125 787200 353448 722000 353042 739300 355096 869100 351753 847600 355502 733900 351362 718900 352138 781200 352139 714300 353317 753700 354884 780700 352424 719400 356734 734000 352478 781000 351198 757800 352781 733900 352374 844100 352105 894200 352638 771400 353481 809400 351340 733700 356764 724200 354247 734700 353279 723300
