1000 499500 180600 499500 181000 499500 179800 499500 182000 499500 172400 499500 186000 499500 182200 499500 180700 499500 179100 499500 173500 499500 173800 499500 174100 499500 175900 499500 179000 499500 177300 499500 173500 499500 179600 499500 174600 499500 185100 499500 173700 499500 171600 499500 172400 499500 172000 499500 177300 499500 201200 499500 173200 499500 171700 499500 171000 499500 172900 499500 171500 499500 179200 499500 184400 499500 173800 499500 177200 499500 172700 499500 173300 499500 171800 499500 173500 499500 172500 499500 174000
2000 1999000 637100 1999000 615800 1999000 637600 1999000 615700 1999000 669800 1999000 631200 1999000 638700 1999000 614900 1999000 640500 1999000 619100 1999000 616400 1999000 622600 1999000 597600 1999000 594200 1999000 600300 1999000 602900 1999000 596500 1999000 604700 1999000 610400 1999000 591600 1999000 608100 1999000 591500 1999000 595700 1999000 596000 1999000 611200 1999000 602000 1999000 595000 1999000 598600 1999000 696900 1999000 618300 1999000 633400 1999000 634900 1999000 636200 1999000 621100 1999000 626100 1999000 622600 1999000 618100 1999000 620800 1999000 629300 1999000 628200
3000 4498500 1338100 4498500 1328700 4498500 1303900 4498500 1288100 4498500 1335000 4498500 1391100 4498500 1380700 4498500 1377800 4498500 1388900 4498500 1388300 4498500 1371300 4498500 1381400 4498500 1353100 4498500 1322600 4498500 1375300 4498500 1339800 4498500 1318700 4498500 1327800 4498500 1328700 4498500 1351000 4498500 1357500 4498500 1375200 4498500 1378900 4498500 1321000 4498500 1366800 4498500 1382700 4498500 1382700 4498500 1331700 4498500 1368700 4498500 1322700 4498500 1324200 4498500 1402200 4498500 1329200 4498500 1329800 4498500 1335200 4498500 1338900 4498500 1337500 4498500 1329900 4498500 1328500 4498500 1353400
4000 7998000 2303600 7998000 2319400 7998000 2297900 7998000 2323400 7998000 2304800 7998000 2321600 7998000 2296000 7998000 2370000 7998000 2299100 7998000 2356500 7998000 2322400 7998000 2314600 7998000 2299300 7998000 2298700 7998000 2323400 7998000 2595200 7998000 2316300 7998000 2287500 7998000 2337500 7998000 2301900 7998000 2298000 7998000 2298600 7998000 2305900 7998000 2302600 7998000 2304600 7998000 2307000 7998000 2322200 7998000 2517700 7998000 2357300 7998000 2299800 7998000 2296800 7998000 2297900 7998000 2298000 7998000 2383400 7998000 2315500 7998000 2298600 7998000 2297600 7998000 2319600 7998000 2286600 7998000 2291100
5000 12497500 3773000 12497500 3591200 12497500 4250700 12497500 3896700 12497500 3572200 12497500 3549000 12497500 3525600 12497500 3536000 12497500 3559600 12497500 3540700 12497500 3538500 12497500 3533600 12497500 3573100 12497500 3769900 12497500 3637200 12497500 3601000 12497500 3444700 12497500 3484400 12497500 3474700 12497500 3426400 12497500 3482500 12497500 3467700 12497500 3400000 12497500 3552700 12497500 3460000 12497500 3632600 12497500 3538100 12497500 3472300 12497500 3596500 12497500 3449000 12497500 3747900 12497500 3573200 12497500 3504500 12497500 3439200 12497500 3538800 12497500 3579900 12497500 3442600 12497500 3441300 12497500 3573000 12497500 3525900
6000 17997000 5009700 17997000 4883400 17997000 4941000 17997000 5012200 17997000 4875600 17997000 5134600 17997000 4982100 17997000 4913200 17997000 5012800 17997000 4917400 17997000 5195000 17997000 5034200 17997000 4859700 17997000 4979500 17997000 4918900 17997000 4890000 17997000 5030400 17997000 5186300 17997000 4868400 17997000 5034000 17997000 5465400 17997000 5071000 17997000 4928600 17997000 5142000 17997000 4855800 17997000 4861900 17997000 4869900 17997000 4835100 17997000 4836600 17997000 4888500 17997000 5032600 17997000 4879400 17997000 5394800 17997000 6032700 17997000 6183500 17997000 5004900 17997000 4915200 17997000 4883000 17997000 4939600 17997000 4910800
7000 24496500 6536700 24496500 6613700 24496500 6570500 24496500 6626200 24496500 6581200 24496500 6727700 24496500 7124700 24496500 6628800 24496500 6602900 24496500 6534500 24496500 6764600 24496500 6586800 24496500 6542900 24496500 6572100 24496500 6560900 24496500 6607400 24496500 6567200 24496500 6711700 24496500 6560900 24496500 6618000 24496500 6579900 24496500 6718300 24496500 10578300 24496500 7064200 24496500 6663500 24496500 6643500 24496500 6631000 24496500 6865000 24496500 6579900 24496500 6938700 24496500 6561700 24496500 6535300 24496500 6604000 24496500 6596400 24496500 7019900 24496500 6661600 24496500 7180000 24496500 7523300 24496500 6596700 24496500 6556500
8000 31996000 8630200 31996000 8509300 31996000 9385800 31996000 13236400 31996000 8515700 31996000 8548200 31996000 8724600 31996000 8668800 31996000 8769600 31996000 8684400 31996000 8748100 31996000 8683500 31996000 8943700 31996000 9114600 31996000 9445800 31996000 9372900 31996000 9864800 31996000 9572200 31996000 9510300 31996000 8527900 31996000 8514200 31996000 8763000 31996000 8949000 31996000 8541400 31996000 8527200 31996000 8496200 31996000 8495300 31996000 8544400 31996000 8797800 31996000 8525500 31996000 8521100 31996000 8478100 31996000 8564800 31996000 8482600 31996000 8571700 31996000 8635200 31996000 8645000 31996000 8614500 31996000 8574400 31996000 9116300
9000 40495500 10789900 40495500 10826400 40495500 10730200 40495500 10705800 40495500 10917200 40495500 10736200 40495500 10842900 40495500 12562400 40495500 11320500 40495500 11855900 40495500 11761000 40495500 10817400 40495500 10721400 40495500 10758300 40495500 10807100 40495500 11349700 40495500 10750300 40495500 11825100 40495500 11227200 40495500 10859000 40495500 10861600 40495500 10759200 40495500 10792200 40495500 10764100 40495500 10891100 40495500 10749000 40495500 10828600 40495500 10943500 40495500 10813000 40495500 10684200 40495500 10916700 40495500 10756300 40495500 11431500 40495500 15113500 40495500 11626700 40495500 13872200 40495500 11383500 40495500 10705000 40495500 10692600 40495500 10795800
10000 49995000 13235600 49995000 14739100 49995000 13291900 49995000 13236000 49995000 13376100 49995000 13384600 49995000 13161300 49995000 13211100 49995000 13567000 49995000 17918800 49995000 14578500 49995000 13536700 49995000 15209600 49995000 14558300 49995000 13393300 49995000 20563700 49995000 14947100 49995000 13265300 49995000 21684000 49995000 13410300 49995000 13652500 49995000 13261400 49995000 13454800 49995000 13375200 49995000 14222100 49995000 16756300 49995000 13410700 49995000 16346000 49995000 13293800 49995000 13232100 49995000 13214800 49995000 13495200 49995000 15324600 49995000 16015900 49995000 14390100 49995000 14650200 49995000 16840000 49995000 13705100 49995000 14024300 49995000 14203200
11000 60494500 16291300 60494500 15996000 60494500 16050300 60494500 16122700 60494500 16648500 60494500 16045400 60494500 22099000 60494500 16176400 60494500 17970500 60494500 17178800 60494500 15876900 60494500 15950000 60494500 16091100 60494500 17545700 60494500 16087400 60494500 17584100 60494500 16039700 60494500 15932000 60494500 16648100 60494500 23293300 60494500 16775000 60494500 15996000 60494500 16711500 60494500 16023200 60494500 16942500 60494500 22833400 60494500 16214100 60494500 15987700 60494500 17160600 60494500 16009000 60494500 16396300 60494500 16670800 60494500 16827600 60494500 16699600 60494500 16861800 60494500 16703300 60494500 16197400 60494500 15936000 60494500 16520600 60494500 16292300
12000 71994000 18925800 71994000 19757100 71994000 19845400 71994000 19544300 71994000 19127500 71994000 19007900 71994000 19451200 71994000 18893300 71994000 19151900 71994000 21459600 71994000 19503800 71994000 19199600 71994000 19695800 71994000 22716100 71994000 21029700 71994000 20180600 71994000 20538600 71994000 19913600 71994000 21909700 71994000 19380900 71994000 19042500 71994000 18882700 71994000 19917800 71994000 18878200 71994000 19002900 71994000 18866300 71994000 19527400 71994000 18852800 71994000 18890900 71994000 19039200 71994000 19327800 71994000 19155100 71994000 32945500 71994000 22638100 71994000 21951300 71994000 19449200 71994000 19220700 71994000 18883000 71994000 19120000 71994000 27613800
